
Транспонируй таблицу, 
колонки -     
{научно-исследовательские организации

     конструкторские организации

     проектные и проектно-изыскательские       организации

     опытные заводы

      образовательные организации  высшего        образования

      организации промышленности,        имевшие научно-исследовательские,        проектно-конструкторские подразделения 

      прочие
}
сделай года строками 
	2003	2004	2005	2006	2007	2008	2009	2010	2011	2012	2013	2014	2015	2016	2017	2018	2019	2020	2021	2022 2)	2023 2)	2024 2)
"Число персональных компьютеров 
в обследованных организациях - всего, тыс. шт."	4150,5	4558,3	5709,6	6684	7528,4	8267,3	8743,7	9288,1	9972,2	10807,5	11438,0	11740,8	11992,3	12422,1	12765,9	13256,1	13816,7	15791,4	17226,2	18080,7	18821,3	19818,7
         из них:																						
  имевшие доступ  к сети Интернет 3)	986,0	1218,8	1686,1	2232,0	2888,4	3411,5	3866,4	4553,3	5198,3	6066,5	6764,4	7277,6	7561,5	8117,9	8573,9	9090,4	9734,5	11120,8	12578,2	13106,8	13410,9	…
"Поступило персональных компьютеров
в отчетном году, тыс. шт.     "	656,2	743,8	984,2	1170,9	1257,9	1159,2	890,6	999,9	1251,6	1454,1	1351,5	1177,7	952,2	986,7	1148,8	1301,6	1453,5	2077,7	1825,6	1736,4	1884,7	2317,5
"Число персональных компьютеров 
на 100 работников - всего, шт."	18	20	23	26	29	32	35	36	39	43	44	47	49	49	50	51	51	57	61	63	65	67
     в том числе с доступом к сети Интернет 3)	4	5	7	9	11	13	15	18	21	24	26	29	31	32	33	35	36	40	45	46	46	…
